0,TEXT_VOICEMAN_02200_000010_THANCRED,接下來……
1,TEXT_VOICEMAN_02200_000020_THANCRED,"是我，桑克瑞德。
我有事想先說一聲。"
2,TEXT_VOICEMAN_02200_000030_URIANGER,我知道了。有情況我會聯絡你的。
3,TEXT_VOICEMAN_02200_000040_URIANGER,"另外……桑克瑞德。
最近經常有一位女士前來探訪你。
我該如何應對呢？"
4,TEXT_VOICEMAN_02200_000050_URIANGER,"……原來如此，穩妥地回答嗎……
好吧，我會告訴她在喪靈鐘。
告訴她，妳的意中人……或者仇敵，就在北方。"
5,TEXT_VOICEMAN_02200_000060_URIANGER,"常言道，最大的敵人莫過於自身的過去。
還請你謹記在心……
"
6,TEXT_VOICEMAN_02200_000070_YUGIRI,"我們來自遙遠東方的多瑪之國，
希望能夠拜見本國的國君，
請問哪位能夠指點一二？"
7,TEXT_VOICEMAN_02200_100010_YUGIRI,"在下名為夕霧。
我們來自東洲奧薩德一座名為多瑪的邊境之城，
跨越大洋一路逃亡而來。"
8,TEXT_VOICEMAN_02200_100020_ALPHINAUD,"逃亡？
這個說法似乎不太好聽……"
9,TEXT_VOICEMAN_02200_100030_YUGIRI,"在下的故鄉曾淪為加雷馬帝國的屬地。
……當然，這並非出於我們的本意。"
10,TEXT_VOICEMAN_02200_100040_YUGIRI,"不久之前，
帝國內部因為皇位繼承問題發生了內亂。
我們認為這是發動起義的絕好時機……"
11,TEXT_VOICEMAN_02200_100050_YUGIRI,"……然而，我們卻戰敗了。
在下指引多瑪的同胞逃往忍村後，
帶領剩下的夥伴，一路逃難來到艾奧傑亞。"
12,TEXT_VOICEMAN_02200_100060_ALPHINAUD,難道說……
13,TEXT_VOICEMAN_02200_100070_YUGIRI,"是的，正如你的想像。
世上已經不存在多瑪這一城市。
因為帝國的肅清，已經名副其實地滅亡了。"
14,TEXT_VOICEMAN_02200_100080_ALPHINAUD,"……那麼，
你們是來請求這個國家收容難民的嗎。"
15,TEXT_VOICEMAN_02200_100090_YUGIRI,"是的。
其他的同胞還在船上等待消息。
船現在停泊的港口……是叫黃昏灣吧。"
16,TEXT_VOICEMAN_02200_100100_YUGIRI,"他們之中大多是參與起義的人和家屬。
在下等人是代表他們來交涉的。"
17,TEXT_VOICEMAN_02200_100110_YUGIRI,"在下原本希望拜見本國的國君或掌權之人交涉，
才千里迢迢來到烏爾達哈……
結果卻被拒之門外。"
18,TEXT_VOICEMAN_02200_100120_ALPHINAUD,若異邦的百姓蜂擁而上，那也難怪如此了。
19,TEXT_VOICEMAN_02200_100130_YUGIRI,"確實，在下的想法過於淺薄了。
但同胞們自逃離多瑪之後已經多日沒有進食，
船內還有大量的孩童……令在下相當焦急。"
20,TEXT_VOICEMAN_02200_100140_YUGIRI,"而且，在下來到此地的路途中，
也看到了疑似同為難民的群眾。
……看來，這個國家似乎也有不少複雜的內情。"
21,TEXT_VOICEMAN_02200_100150_ALPHINAUD,"原來如此，我理解事態了。
對我們而言，加雷馬帝國也是敵人。
任誰也無法保證，我們不會落入與你們相同的境地。"
22,TEXT_VOICEMAN_02200_100160_ALPHINAUD,"……我去王宮轉達一下情況吧。
雖然無法保證好結果，
至少能爭取到談話的機會才是。"
23,TEXT_VOICEMAN_02200_100170_YUGIRI,此話當真？
24,TEXT_VOICEMAN_02200_100180_ALPHINAUD,"交給我吧。
別看我這樣，我在權貴之間還是有點份量的。"
25,TEXT_VOICEMAN_02200_100190_YUGIRI,真是萬分感謝。
26,TEXT_VOICEMAN_02200_100200_ALPHINAUD,"不過……夕霧女士，
您這身打扮頗為不尋常。
……此外，您的種族似乎在艾奧傑亞相當少見呢。"
27,TEXT_VOICEMAN_02200_100210_YUGIRI,"關於這一身裝束，還請您原諒在下的失禮。
陌生的種族可能會引起不必要的騷動。
這都是在下的經驗之談……"
28,TEXT_VOICEMAN_02200_100220_YUGIRI,"我們來到此地僅是為了尋求幫助，
並不打算引起無謂的風波。"
29,TEXT_VOICEMAN_02200_100230_ALPHINAUD,"……原來如此，這想必是明智的判斷。
何來失禮一說，您無須放在心上。"
30,TEXT_VOICEMAN_02200_100240_YUGIRI,非常感謝您的理解和關懷。
31,TEXT_VOICEMAN_02200_100250_ALPHINAUD,"我這就去不滅隊找勞班總帥談談。
這幾位客人就交給你照顧了。"
32,TEXT_VOICEMAN_02200_200000_YUGIRI,"萬分感謝您的召見，沙漠的女王殿下。
在下本應遵從覲見的禮數，
為您獻上東方的珍品……"
33,TEXT_VOICEMAN_02200_200010_YUGIRI,"然而我等落魄之人既沒有財富也沒有時間……
明知冒犯，仍斗膽懇求……
貴國烏爾達哈能否接納我等多瑪人民呢。"
34,TEXT_VOICEMAN_02200_200020_NANAMOULNAMO,"朕乃烏爾達哈第十七代國王，娜娜莫・烏爾・娜莫。
……這位夕霧小姐，先放鬆吧。"
35,TEXT_VOICEMAN_02200_200030_NANAMOULNAMO,"朕已經從阿爾菲諾那裡得知情況了。
聽說你的祖國被加雷馬帝國毀滅了……"
36,TEXT_VOICEMAN_02200_200040_YUGIRI,"正是如此，陛下。
……加雷馬帝國在不久之前陷入內亂，
圍繞皇位繼承權的鬥爭甚至擴散到了邊境。"
37,TEXT_VOICEMAN_02200_200050_YUGIRI,"多瑪的人民趁此機會發動起義，
向加雷馬帝國發動獨立戰爭，卻落得慘敗。
不是臣服，就是滅亡……帝國為了殺雞儆猴，焚毀了我們的都城。"
38,TEXT_VOICEMAN_02200_200060_RAUBAHN,"聽說你們從多瑪遠渡重洋而來。
能否告訴我們難民大約有多少人。"
39,TEXT_VOICEMAN_02200_200070_YUGIRI,"我們搭乘的是一艘偽裝成商船的大型海船……
超過二百名同胞擠在船艙內。
不過……我們也只是逃離多瑪的其中一艘船而已。"
40,TEXT_VOICEMAN_02200_200080_YUGIRI,"若陛下接受我們進入本國，
在下也想儘量通知更多的同胞前來這裡。"
41,TEXT_VOICEMAN_02200_200090_YUGIRI,"我們並不奢求免費的施捨。
請隨意將我們充當士兵或勞工無妨。"
42,TEXT_VOICEMAN_02200_200100_RAUBAHN,沙蠍眾的各位，你們怎麼看。
43,TEXT_VOICEMAN_02200_200110_TELEDJIADELEDJI,"我覺得接受他們也沒什麼不好吧。
第七靈災之後，我們忙於復興和開拓，
人手的確相當不足。"
44,TEXT_VOICEMAN_02200_200120_ALPHINAUD,"他是「幻象托拉斯」的老闆，泰勒吉・阿代勒吉。
在烏爾達哈的金融界有著數一數二的地位。"
45,TEXT_VOICEMAN_02200_200130_RAUBAHN,"他們是異國的人民……雖然需要完善法律制度，
不過即使以此為前提，
也應該可以考慮接納他們吧？"
46,TEXT_VOICEMAN_02200_200140_LOLORITO,很遺憾，我難以贊成此事。
47,TEXT_VOICEMAN_02200_200150_TELEDJIADELEDJI,這是為什麼呢？羅羅力特閣下。
48,TEXT_VOICEMAN_02200_200160_LOLORITO,"你們難道看不到國內現在的情況？
靈災已經過去5年了，
可靈災的難民和阿拉米格的流民仍然隨處可見。"
49,TEXT_VOICEMAN_02200_200170_LOLORITO,"就算有不滅隊提出的難民救助政策，
但現在所需要的救援資金也在不斷地增加。"
50,TEXT_VOICEMAN_02200_200180_LOLORITO,"即使烏爾達哈被稱為黃金鄉，
我們的財富也不是無窮無盡的。
國庫現在的狀況很難再接受異國的難民了！"
51,TEXT_VOICEMAN_02200_200190_LOLORITO,"而且最近難民引發的犯罪率也在增加。
我想你們應該都看過相關的報告了吧？"
52,TEXT_VOICEMAN_02200_200200_LOLORITO,"很多難民都沒有正式的工作，
他們要做出違法的事也只是時間問題。
難道你們覺得現在不滅隊和銅刃團的壓力還不夠大？"
53,TEXT_VOICEMAN_02200_200210_ALPHINAUD,"他叫羅羅力特，是東阿爾迪納德商會的會長。
據說有著上百億的身家。
在沙蠍眾之中，他是實質上的最高掌權者。"
54,TEXT_VOICEMAN_02200_200220_NANAMOULNAMO,"羅羅力特，
即使說現在財政有些緊張，
朕認為收容夕霧等人應該還是可以的。"
55,TEXT_VOICEMAN_02200_200230_NANAMOULNAMO,至於犯罪率的問題，只要重新制定法律……
56,TEXT_VOICEMAN_02200_200240_LOLORITO,"哎呀……
陛下這番話真有趣呢。"
57,TEXT_VOICEMAN_02200_200250_LOLORITO,"請問王黨派究竟什麼時候才會
提出您所謂的新法律呢。"
58,TEXT_VOICEMAN_02200_200260_LOLORITO,"阿拉米格的難民聚集在薩納蘭幾年了？
當時陛下也說要重新制定法律，
最後只是任由難民們留在小阿拉米格卻置之不理，不是嗎？"
59,TEXT_VOICEMAN_02200_200270_RAUBAHN,羅羅力特閣下，注意你的態度！
60,TEXT_VOICEMAN_02200_200280_TELEDJIADELEDJI,"不過，無論什麼情況人力都是不可或缺的。
從長遠來看，
現在接納一批勞動者也是為國家的將來鞏固基礎……"
61,TEXT_VOICEMAN_02200_200290_LOLORITO,"所以泰勒吉・阿代勒吉閣下才會被人說手段太過溫和。
……人民與金錢的確是國家的支柱，
但首先需要有穩定的治理體制來強化國家的根基。"
62,TEXT_VOICEMAN_02200_200300_LOLORITO,"現在烏爾達哈需要的是牢固的國家根基。
就算在殘破的根基上建立支柱，
又怎麼能讓國家繁榮呢。"
63,TEXT_VOICEMAN_02200_200310_LOLORITO,"說起來，泰勒吉・阿代勒吉閣下，
最近「白金幻象」的營業額好像不太樂觀啊。"
64,TEXT_VOICEMAN_02200_200320_LOLORITO,"難道不是您貪圖便宜僱傭難民，
結果導致收益和口碑雙重下降的關係？"
65,TEXT_VOICEMAN_02200_200330_TELEDJIADELEDJI,我手下的事務不勞您費心，閣下！
66,TEXT_VOICEMAN_02200_200340_RAUBAHN,"二位請冷靜。
我們現在已經有提案了，接下來請各位表決吧。"
67,TEXT_VOICEMAN_02200_200350_RAUBAHN,"是否同意接受多瑪的難民進入我國。
同意的人留下，反對的人離場。"
68,TEXT_VOICEMAN_02200_200360_NANAMOULNAMO,"抱歉，夕霧小姐。
如你所見，在這個國家裡，國王的權力也不過如此……"
69,TEXT_VOICEMAN_02200_200370_NANAMOULNAMO,"即使朕坐在王座上，
不與沙蠍眾協商也無法頒下任何旨意。
真是讓你見笑了。"
70,TEXT_VOICEMAN_02200_200380_YUGIRI,"不，陛下，
您能夠商討這件事已經是在下的榮幸了。"
71,TEXT_VOICEMAN_02200_200390_TELEDJIADELEDJI,"羅羅力特那個混蛋……
小阿拉米格的情況明明是他放棄了與東方的陸上貿易造成的……"
72,TEXT_VOICEMAN_02200_200400_TELEDJIADELEDJI,"各位歷盡千辛萬苦來到此地，
卻只得到了這樣的回應……
請接受我誠摯的歉意。"
73,TEXT_VOICEMAN_02200_200410_RAUBAHN,"大國防聯軍好不容易才步上正軌，
烏爾達哈卻還是無法團結一心。"
74,TEXT_VOICEMAN_02200_200420_RAUBAHN,"共和派現在掌握的權力過於強大了，
尤其是羅羅力特那個傢伙……"
75,TEXT_VOICEMAN_02200_200430_RAUBAHN,"啊，抱歉。
現在不是說這些的時候，
我們也出去吧。"
76,TEXT_VOICEMAN_02200_300010_THANCRED,怎麼樣？找到什麼線索了嗎？
77,TEXT_VOICEMAN_02200_300020_YSHTOLA,"嗯，和我們預想的一樣。
犯人就是海蛇之舌海盜團的那些傢伙。"
78,TEXT_VOICEMAN_02200_300030_THANCRED,果然是他們……
79,TEXT_VOICEMAN_02200_300040_YSHTOLA,這邊有什麼情況嗎？
80,TEXT_VOICEMAN_02200_300050_THANCRED,"沒，這邊相當的平靜。
雖然蜥蜴人還會時不時地召喚出伊弗利特，
不過那好像也只是使用他們儲備的水晶。"
81,TEXT_VOICEMAN_02200_300060_THANCRED,尤里安傑那邊也沒什麼特別的報告。
82,TEXT_VOICEMAN_02200_300070_YSHTOLA,看來沒錯了……
83,TEXT_VOICEMAN_02200_300080_MINFILIA,怎麼了？
84,TEXT_VOICEMAN_02200_300090_YSHTOLA,"關於最近薩納蘭頻繁發生的水晶失竊事件……
我們最初都以為是流入到了蜥蜴人那邊。"
85,TEXT_VOICEMAN_02200_300100_YSHTOLA,"可實際上，
那些水晶都流向了西邊的威爾布蘭德島……"
86,TEXT_VOICEMAN_02200_300110_MINFILIA,拉諾西亞那邊？
87,TEXT_VOICEMAN_02200_300120_MINFILIA,"確實，原本魚人族都很安穩，
不過最近的情報顯示他們也開始逐漸活躍起來了。"
88,TEXT_VOICEMAN_02200_300130_MINFILIA,"難道……
他們打算召喚蠻神利維坦？！"
89,TEXT_VOICEMAN_02200_300140_YSHTOLA,恐怕是這樣。
90,TEXT_VOICEMAN_02200_300150_YSHTOLA,"之前我在追查艾瑪姬娜礦山公司的事件時，
發現過一些與海盜有關聯的證據。"
91,TEXT_VOICEMAN_02200_300160_YSHTOLA,"於是我前往利姆薩・羅敏薩，
與黑渦團一同進行進一步的調查。
一切情況都表示水神利維坦即將重現世間……"
92,TEXT_VOICEMAN_02200_300170_YSHTOLA,"另外還有消息說，
魚人族中的一位長老好像得到了什麼新的力量……
什麼「不滅之人」的力量。"
93,TEXT_VOICEMAN_02200_300180_MINFILIA,呃……
94,TEXT_VOICEMAN_02200_400010_YSHTOLA,這一帶的乙太流動比想像中的還要混亂……
95,TEXT_VOICEMAN_02200_400020_YSHTOLA,果然是在為請神做準備……
96,TEXT_VOICEMAN_02200_400030_WUUR,"呼嘶……
一切都已準備妥當！
偉大的水神將會消滅所有的無鰭之徒！"
97,TEXT_VOICEMAN_02200_400040_WUUR,"同時我也將會昇華為「不滅之人」，
與我們的特使一起獲得永遠的時間！
我們將重新奪回我們的大海！呼嘶！"
98,TEXT_VOICEMAN_02200_400050_YSHTOLA,"不滅之人？
特使？"
99,TEXT_VOICEMAN_02200_400060_YSHTOLA,看來我們要趕快離開了……
100,TEXT_VOICEMAN_02200_500010_MINFILIA,"不滅之人……
特使……"
101,TEXT_VOICEMAN_02200_500020_YSHTOLA,你們沒事吧？
102,TEXT_VOICEMAN_02200_500030_MINFILIA,你剛才也看到了嗎？
103,TEXT_VOICEMAN_02200_500040_MINFILIA,"不滅之人，永遠的時間……
之前白袍無影艾里迪布斯好像也說過類似的話……"
104,TEXT_VOICEMAN_02200_500050_MINFILIA,"難道說……
那位魚人族長老也擁有「超越之力」？"
105,TEXT_VOICEMAN_02200_500060_YSHTOLA,"梅爾維布提督已經向我們提出了請求，
為了防止事態惡化，一定要做好萬全的準備。"
106,TEXT_VOICEMAN_02200_500070_MINFILIA,"事關蠻神問題，我們就沒有理由拒絕了。
我們快到利姆薩・羅敏薩去吧。"
107,TEXT_VOICEMAN_02200_500080_MINFILIA,"這次我也一起過去，
塔塔露，這邊就拜託你了。"
108,TEXT_VOICEMAN_02200_500090_THANCRED,敏菲利亞，你真的要去？
109,TEXT_VOICEMAN_02200_500100_MINFILIA,"是的，
有些事我想要親自確認一下。"
110,TEXT_VOICEMAN_02200_500110_MINFILIA,也許這次能夠查出「超越之力」的真相……
111,TEXT_VOICEMAN_02200_500120_THANCRED,"好吧，我也一起去。
身邊多個人也就多個保障，
盟主大人就交給我了。"
112,TEXT_VOICEMAN_02200_500130_MINFILIA,太好了，謝謝。
113,TEXT_VOICEMAN_02200_500140_YUGIRI,你們有什麼事嗎？
114,TEXT_VOICEMAN_02200_500150_YSHTOLA,"是的，又有蠻神要現身於世了，
艾奧傑亞又多了一個新的威脅……"
115,TEXT_VOICEMAN_02200_500160_YUGIRI,蠻神？
116,TEXT_VOICEMAN_02200_500170_YSHTOLA,"那是蠻族們的神明，
不過卻會嚴重危害這片大地。
我們拂曉血盟的首要任務就是處理蠻神的問題。"
117,TEXT_VOICEMAN_02200_500180_YUGIRI,"既然這樣，請讓在下也與各位同行。
某雖不才，卻也修行過戰鬥的技法，
全當對各位的回報。"
118,TEXT_VOICEMAN_02200_500190_YSHTOLA,"那太好了，
我們也非常需要更多的力量。"
119,TEXT_VOICEMAN_02200_500200_YSHTOLA,"而且這也是個不錯的機會，
您可以親身體驗到艾奧傑亞目前面臨的問題。"
120,TEXT_VOICEMAN_02200_600010_YSHTOLA,"這些可惡的魚人……
竟然將誘拐的士兵和平民都精煉化了……"
121,TEXT_VOICEMAN_02200_600030_THANCRED,我來得正好吧！
122,TEXT_VOICEMAN_02200_600040_YUGIRI,哈！
123,TEXT_VOICEMAN_02200_600050_YUGIRI,呀！
124,TEXT_VOICEMAN_02200_600060_THANCRED,"那就是你們東方的戰鬥技術？
身手不錯嘛。"
125,TEXT_VOICEMAN_02200_600070_THANCRED,看來我也得認真起來才行了！
126,TEXT_VOICEMAN_02200_600080_THANCRED,呵！
127,TEXT_VOICEMAN_02200_600090_THANCRED,哈！
128,TEXT_VOICEMAN_02200_600100_YUGIRI,哦？
129,TEXT_VOICEMAN_02200_600110_THANCRED,快到蠻風乙太之光那邊去！
130,TEXT_VOICEMAN_02200_700010_MERLWYB,抱歉，我們來晚了！
131,TEXT_VOICEMAN_02200_700020_THANCRED,"之前給大家添了不少麻煩，
這次可得好好表現一下吧！"
132,TEXT_VOICEMAN_02200_700030_WUUR,"呼嘶……
無鰭之徒！奪走了我們的大海！
竟然還敢出現在我們面前！"
133,TEXT_VOICEMAN_02200_700040_WUUR,你們的愚蠢行為到此為止了！
134,TEXT_VOICEMAN_02200_700050_WUUR,"我們會再次迎來水神的降臨！
將你們這些無鰭之徒徹底從世上淨化！"
135,TEXT_VOICEMAN_02200_700060_WUUR,"偉大的水神，請傾聽我的祈願……
偉大的水神，請賜予我等慈悲……"
136,TEXT_VOICEMAN_02200_700070_MERLWYB,他要幹什麼？
137,TEXT_VOICEMAN_02200_700080_MINFILIA,"這種感覺……
果然是「超越之力」嗎？"
138,TEXT_VOICEMAN_02200_700090_MERLWYB,什麼？
139,TEXT_VOICEMAN_02200_700100_WUUR,"呼嘶！
這股力量就是「超越之力」！
呼嘶……這樣我就能成為跟神一樣的存在……"
140,TEXT_VOICEMAN_02200_700110_MERLWYB,這是怎麼回事？
141,TEXT_VOICEMAN_02200_700120_WUUR,"哈哈哈哈哈！
我已昇華為「不滅之人」！
區區無鰭之徒已無法阻止我！"
142,TEXT_VOICEMAN_02200_700130_WUUR,"誕生於創世湧泉的蒼藍之神啊！
至高無上的神明啊，請滌淨這片遭受玷污的大地！我願獻上我的身體！請賜予族人救贖吧！"
143,TEXT_VOICEMAN_02200_700140_WUUR,降臨吧！水神利維坦！
144,TEXT_VOICEMAN_02200_700150_MERLWYB,該死的！
145,TEXT_VOICEMAN_02200_700160_WUUR,"呼嘶……
愚蠢，我已說過，
你們無法阻止我！"
146,TEXT_VOICEMAN_02200_700170_YUGIRI,這……這是……
147,TEXT_VOICEMAN_02200_700180_MERLWYB,蠻神利維坦！
148,TEXT_VOICEMAN_02200_700190_WUUR,"呼嘶……
什麼？力……力量……在脫離……
水神……在吸……吸收我的……力量？"
149,TEXT_VOICEMAN_02200_700200_WUUR,"這……怎麼可能……
我、我被特使……欺騙了嗎……
白袍……特使……大人……"
150,TEXT_VOICEMAN_02200_700210_MINFILIA,利維坦不見了？
151,TEXT_VOICEMAN_02200_700220_MERLWYB,"什麼？所有的戰艦都遭到了破壞？
為什麼利維坦會出現在那邊……"
152,TEXT_VOICEMAN_02200_700230_MERLWYB,"知道了。整編剩下的艦船盡快撤離！
……沒關係，誘餌就留下給那些海賊吧！"
153,TEXT_VOICEMAN_02200_700240_MERLWYB,"利維坦出現在了牽制海盜的黑渦艦隊附近，
我們損傷慘重。"
154,TEXT_VOICEMAN_02200_700250_MERLWYB,"不過祂為什麼會移動到外海去……
難道……"
155,TEXT_VOICEMAN_02200_700260_MERLWYB,祂要引發「大海嘯」嗎？！
156,TEXT_VOICEMAN_02200_800010_MERLWYB,"從前，在西拉諾西亞南北防波堤的另一邊，
有一個叫做「二分石地」的小型殖民地。"
157,TEXT_VOICEMAN_02200_800020_MERLWYB,"就在黑渦團成立的幾年前，
蠻神利維坦曾經被魚人族成功召喚過一次。
幸好當時在祂造成更大的破壞之前被「海雄旅團」成功討伐……"
158,TEXT_VOICEMAN_02200_800030_MERLWYB,"在靈災之後，魚人族再次召喚了利維坦，
這次祂發動了驚人的「大海嘯」，對殖民地造成了徹底的破壞，
整片地區都變成了岩石密佈的不毛之地。"
159,TEXT_VOICEMAN_02200_800040_YSHTOLA,那裡就是今天被稱為「薩普沙產卵地」的地區。
160,TEXT_VOICEMAN_02200_800050_MERLWYB,"沒錯，
魚人族將那裡的地形改造成了適合他們大規模繁殖的環境。"
161,TEXT_VOICEMAN_02200_800060_MERLWYB,"從流入的水晶和精煉化的信徒的數量來看，
這次召喚出來的利維坦甚至比上次更加強大。"
162,TEXT_VOICEMAN_02200_800070_MERLWYB,"如果祂真的要用全力發動「大海嘯」的話……
波及到的範圍恐怕就不只是二分石殖民地那樣的小地區，
甚至連利姆薩・羅敏薩整體都有可能被大海吞沒。"
163,TEXT_VOICEMAN_02200_800080_MERLWYB,無論如何，我們必須要阻止這種情況發生。
164,TEXT_VOICEMAN_02200_800090_THANCRED,"可是提督，
我們要怎麼做才能接觸到祂呢？"
165,TEXT_VOICEMAN_02200_800100_THANCRED,"海上完全是利維坦的天下，
第三艦隊的船不是也在靠近祂之前就被擊沉了嗎？"
166,TEXT_VOICEMAN_02200_800110_MERLWYB,"我也看過報告了，
炮彈在命中之前就會被擊落……
難道就沒有什麼有效的反擊方法了嗎？"
167,TEXT_VOICEMAN_02200_800120_YSHTOLA,"海雄旅團的人曾經成功討伐過利維坦，
不過他們是將祂引到入海口才開始作戰。
找到當時的成員想必也得不到什麼有用的情報。"
168,TEXT_VOICEMAN_02200_800130_EYNZAHRSLAFYRSYN,提督。
169,TEXT_VOICEMAN_02200_800140_MERLWYB,愛因扎爾大甲將，你有什麼看法？
170,TEXT_VOICEMAN_02200_800150_EYNZAHRSLAFYRSYN,"根據生還人員的報告，
蠻神利維坦的攻擊主要是靠操縱水來發動的。
如果能抑制住水的力量……"
171,TEXT_VOICEMAN_02200_800160_EYNZAHRSLAFYRSYN,"我們雖然無法將祂吸引到岸上來，
不過如果能利用「偏屬性水晶」轉化屬性，
就可以緩解攻擊將損傷減小到最低。"
172,TEXT_VOICEMAN_02200_800170_EYNZAHRSLAFYRSYN,"將屬性轉化機關安裝到船上，
魔法的屏障便可以保護船身避免巨大的損害。"
173,TEXT_VOICEMAN_02200_800180_MINFILIA,"這和你們當初突破迦樓羅的暴風時是同樣的方法吧。
我看過了阿爾菲諾的報告書，
裡面說希德做出了一個類似的裝置。"
174,TEXT_VOICEMAN_02200_800190_EYNZAHRSLAFYRSYN,"應該差不多吧，
不過我這是從熟人那裡聽來的，
那是個行蹤不定反覆無常的巴術士。"
175,TEXT_VOICEMAN_02200_800200_MERLWYB,"誰先想到的都無所謂，這個方法值得一試。
我想這種機關交給我國的納爾迪克&威米利工坊來生產
應該沒有什麼問題。"
176,TEXT_VOICEMAN_02200_800210_MERLWYB,"不過防禦的辦法雖然找到了，
我們還是沒有什麼進攻的手段啊。
這次與蠻神迦樓羅的情況又有所不同……"
177,TEXT_VOICEMAN_02200_800220_MERLWYB,"另外還有一點，
利維坦發出的海嘯甚至能吞沒大型航船，
要防禦住這種威力，需要的水晶數量超出想像。"
178,TEXT_VOICEMAN_02200_800230_MERLWYB,黑渦團現在沒有一艘船能夠運載這麼多的水晶。
179,TEXT_VOICEMAN_02200_800240_EYNZAHRSLAFYRSYN,"一艘船恐怕不行，不過兩艘就沒問題了。
您還記得當初大海盜霧鬚王是如何運送他的財寶的嗎？
據說他們將兩艘廢船並列起來合併成一艘大型的雙體船。"
180,TEXT_VOICEMAN_02200_800250_EYNZAHRSLAFYRSYN,"使用現有的軍艦完全可以製作出這種雙體船，
也許就能夠搭載大型屬性轉換機關。"
181,TEXT_VOICEMAN_02200_800260_MERLWYB,"霧鬚王還做過這種事？
愛因扎爾大甲將，你可真是研究這位海盜王的專家。"
182,TEXT_VOICEMAN_02200_800270_EYNZAHRSLAFYRSYN,"咳咳、總之，我們用戰艦牽引這艘雙體船，
之後在目標面前切斷牽引繩，
讓雙體船繼續向利維坦前進。"
183,TEXT_VOICEMAN_02200_800280_EYNZAHRSLAFYRSYN,"只要我們能夠到達祂的身邊，
就有機會打敗祂。"
184,TEXT_VOICEMAN_02200_800290_EYNZAHRSLAFYRSYN,"當然，牽引船掌舵人員的處境會很危險，
我會親自去操縱。"
185,TEXT_VOICEMAN_02200_800300_MERLWYB,"所有人都會很危險……
不過確實沒有其他更好的辦法了。
好吧，就交給你了。"
186,TEXT_VOICEMAN_02200_800310_MERLWYB,"雷納嗎，是我。
儘快將剩餘的軍艦集中到莫拉比灣。"
187,TEXT_VOICEMAN_02200_800320_MERLWYB,"……對，損傷較小的船優先，
修理工作可以先放下。"
188,TEXT_VOICEMAN_02200_800330_MERLWYB,"愛因扎爾・斯拉菲爾辛大甲將，
本次作戰交由你全權指揮。
一定要以最快速度完成雙體船的製造！"
189,TEXT_VOICEMAN_02200_800340_EYNZAHRSLAFYRSYN,是！
190,TEXT_VOICEMAN_02200_800350_MERLWYB,"這場戰鬥事關利姆薩・羅敏薩的未來，
一切就拜託你了，光之戰士。"
191,TEXT_VOICEMAN_02200_900010_MERLWYB,"討伐蠻神「利維坦」真是辛苦你了。
托你的福，我們才能夠阻止祂發動「大海嘯」。"
192,TEXT_VOICEMAN_02200_900020_MERLWYB,"繼討伐蠻神「泰坦」以後，沒想到又得到你的幫助，
真是了不起啊。
像你這樣的人才，只當個冒險者實在太可惜了。"
193,TEXT_VOICEMAN_02200_900030_MERLWYB,我在這裡代表國家和人民向你表示感謝。
194,TEXT_VOICEMAN_02200_900040_MERLWYB,"沒想到還能利用雙體船來作戰，
也許該重新檢視一次黑渦艦隊的編制了。
……多虧某位「特別了解霧鬚王的男人」啊。"
195,TEXT_VOICEMAN_02200_900050_YUGIRI,"在來到此地之前，
在下從未曾想過艾奧傑亞的人民竟需要面對此等強大的敵人。"
196,TEXT_VOICEMAN_02200_900060_YUGIRI,"但最令在下印象深刻的，
是像您這樣的冒險者竟然能夠戰勝蠻神。
人類的潛力果然無窮無盡。"
197,TEXT_VOICEMAN_02200_900070_YUGIRI,"雖然以難民之身無法提供太多幫助，
不過在下很樂意向此地的人民介紹多瑪的戰鬥技巧。"
198,TEXT_VOICEMAN_02200_900080_YUGIRI,"雖然這種戰鬥方式稍微有點獨特……
但艾奧傑亞的冒險者們，一定能夠靈活運用吧。"
199,TEXT_VOICEMAN_02200_900090_MERLWYB,"那真是太好了，
我相信這種新技巧一定會在今後的戰鬥中派上用場！"
200,TEXT_VOICEMAN_02200_900100_MERLWYB,"雖然妳說戰鬥方式有點獨特，
但我知道有人使用類似的戰鬥技術，
你覺得呢，桑克瑞德閣下？"
201,TEXT_VOICEMAN_02200_900110_THANCRED,提督大人的眼睛可真尖啊。
202,TEXT_VOICEMAN_02200_900120_THANCRED,"其實在這個國家裡有一個神秘的地下組織，
他們平時都在暗中進行活動。"
203,TEXT_VOICEMAN_02200_900130_THANCRED,"裡面的成員使用的戰鬥技巧跟妳很像，
如果能把妳和他們的技巧融合起來，
或許可以創造出一種全新的戰法。"
204,TEXT_VOICEMAN_02200_900140_YUGIRI,"您過獎了，
在下也確實注意到您的招式與在下有一部分共通點，
不過您好像中途改變過自己的招式？"
205,TEXT_VOICEMAN_02200_900150_THANCRED,"……是、是嗎？
這個說來話長啦，哈哈哈。"
206,TEXT_VOICEMAN_02200_900160_YSHTOLA,"其實桑克瑞德從前和那個地下組織有些因緣。
當時他還是個成天遊手好閒的小混混呢。"
207,TEXT_VOICEMAN_02200_900170_THANCRED,"喂，雅・修朵拉！
不要亂開玩笑！"
208,TEXT_VOICEMAN_02200_900180_MINFILIA,"後來被阿爾菲諾的祖父收為了弟子，
於是才有機會洗心革面，學習知識，
並且到烏爾達哈去學習劍術。"
209,TEXT_VOICEMAN_02200_900190_THANCRED,敏菲利亞！連你也！
210,TEXT_VOICEMAN_02200_900200_YUGIRI,"呵呵，桑克瑞德閣下，
看來您的內心比您表面上看起來要複雜得多啊。"
211,TEXT_VOICEMAN_02200_900210_MERLWYB,"說起來，夕霧小姐，
我聽說你是從東方的多瑪逃亡到艾奧傑亞的，
現在其他同行的人已經加入了喪靈鐘開拓團了是嗎？"
212,TEXT_VOICEMAN_02200_900220_MERLWYB,"很抱歉，利姆薩・羅敏薩現在也面臨很多問題，
無法收容你們在這裡生活……"
213,TEXT_VOICEMAN_02200_900230_MERLWYB,"不過，我們也是知恩圖報的人，
請放心，我會向喪靈鐘提供大量的物資支援，
全當這次的謝禮。"
214,TEXT_VOICEMAN_02200_900240_YUGIRI,"非常感謝您的慷慨。
在下一定會儘快做好傳授戰鬥技巧的準備。
這也是在下目前唯一能夠回報給各位的了。"
215,TEXT_VOICEMAN_02200_900250_MERLWYB,……怎麼了。
216,TEXT_VOICEMAN_02200_900260_YSHTOLA,"這次的事件……
跟上次一樣呢。"
217,TEXT_VOICEMAN_02200_900270_YSHTOLA,"……地靈族跟魚人族，之所以召喚蠻神，
跟人類爭奪威爾布蘭德島，都是為了得到容身之處。"
218,TEXT_VOICEMAN_02200_900280_YSHTOLA,"雖然這次是魚人族先挑起了衝突，
不過本質上的問題沒有任何區別，
他們也只是想要保證自己的生存空間。"
219,TEXT_VOICEMAN_02200_900290_MERLWYB,"我知道你想說什麼……
沒錯，蠻神問題實質上也是人為引起的。"
220,TEXT_VOICEMAN_02200_900300_MERLWYB,"我也知道魚人族的動機。
正如你所說，他們需要尋找更多合適的產卵地，
為了保證整個族群的生息繁衍。"
221,TEXT_VOICEMAN_02200_900310_MERLWYB,"但是我們也一樣，
我們一樣有著生存和繁榮的權利，
在面對外族時更加不能退縮。"
222,TEXT_VOICEMAN_02200_900320_YSHTOLA,"為了活下去互相殘殺……
如果說生存是一種正義，那麼人類和蠻族都有自己的正義。
那麼到底誰的正義才是合理的呢。"
223,TEXT_VOICEMAN_02200_900330_MERLWYB,"如果被說自私，那我也無從反駁。
……但我也只能相信這就是正義。"
224,TEXT_VOICEMAN_02200_900340_YSHTOLA,"如果不知道什麼才是合理的，
那我們就只能相信自己心中的正義了……"
225,TEXT_VOICEMAN_02200_900350_YUGIRI,人類都會相信自己的所作所為是正義……
226,TEXT_VOICEMAN_02200_900360_YUGIRI,"而為了給自己的行為尋找理由，
便披上以「正義」為名的盔甲。
帝國與多瑪也毫無區別……"
227,TEXT_VOICEMAN_02200_900370_MERLWYB,"艾奧傑亞現在處於「混沌的漩渦」的中心……
就算會踐踏其他人的正義，
我們也得在怒海狂濤中尋找航路……"
228,TEXT_VOICEMAN_02200_900380_MERLWYB,"為了生存的所作所為。
為了容身之處戰鬥。
為了守護自己的正義……嗎。"
229,TEXT_VOICEMAN_02200_A00010_MINFILIA,"你現在有時間嗎？
我有些問題想找你討論一下。"
230,TEXT_VOICEMAN_02200_A00020_MINFILIA,"關於這次威爾布蘭德島之行，
我想了很多問題……"
231,TEXT_VOICEMAN_02200_A00030_MINFILIA,"那位召喚蠻神利維坦的魚人族長老，
他確實擁有和我們一樣的「超越之力」。"
232,TEXT_VOICEMAN_02200_A00040_MINFILIA,"在他吸收「超越之力」之後，
暫時獲得了「不死」的力量……"
233,TEXT_VOICEMAN_02200_A00050_MINFILIA,"根據古老的傳說記載，
每次靈災降臨，都會有一些靈魂透過轉生，
來迴避世界的混亂。"
234,TEXT_VOICEMAN_02200_A00060_MINFILIA,"我之前曾經想過，
這些轉生的靈魂，
很有可能與「超越之力」有著什麼關係……"
235,TEXT_VOICEMAN_02200_A00070_MINFILIA,"而這次的事件，
進一步增強了這種想法的可能性。"
236,TEXT_VOICEMAN_02200_A00080_MINFILIA,"精神不滅，只是不斷更換肉體，
這樣一來就可以不斷地轉生，不斷地生存下去。"
237,TEXT_VOICEMAN_02200_A00090_MINFILIA,"如果傳說是真的，
我們或許就能夠找到「超越之力」的真相。"
238,TEXT_VOICEMAN_02200_A00100_MINFILIA,"你也知道，
「超越之力」能夠跨越語言、心靈、時間等隔閡「看見」對方。"
239,TEXT_VOICEMAN_02200_A00110_MINFILIA,"就像你之前親身體驗過的，
這是一種能夠跨越「心靈之壁」的能力。"
240,TEXT_VOICEMAN_02200_A00120_MINFILIA,"那麼傳說中的「轉生」……
有沒有可能就是指像這次魚人族長老一樣，
不變的精神從一個肉體轉移到另一個肉體。"
241,TEXT_VOICEMAN_02200_A00130_MINFILIA,"也就是說，
「超越之力」強大到一定程度之後，
便可以超越肉體的壁壘，變成純粹的靈魂。"
242,TEXT_VOICEMAN_02200_A00140_MINFILIA,"這樣一來就會像無影艾里迪布斯所說的那樣，
能夠永生不死，獲得永遠的時間。"
243,TEXT_VOICEMAN_02200_A00150_MINFILIA,"不過，那位魚人族長老既然已經獲得了不滅的力量，
為什麼又會在蠻神利維坦現身時被吸收了呢……"
244,TEXT_VOICEMAN_02200_A00160_MINFILIA,"……看來，不滅之人並非真正的「不死」。
這就是打敗無影的線索。"
245,TEXT_VOICEMAN_02200_A00170_MINFILIA,"我打算和尤里安傑先生一起研究
「超越之力」和打敗無影的方法……"
246,TEXT_VOICEMAN_02200_A00180_MINFILIA,"啊，尤里安傑先生，您來得正是時候。
您怎麼了？"
247,TEXT_VOICEMAN_02200_A00190_URIANGER,薩雷安傳來了不妙的消息。
248,TEXT_VOICEMAN_02200_A00200_URIANGER,我剛收到關於巴爾德西昂委員會的調查報告。
249,TEXT_VOICEMAN_02200_A00210_MINFILIA,發生了什麼？
250,TEXT_VOICEMAN_02200_A00220_URIANGER,"委員會總部所在的瓦爾島……
從海上完全消失了……"
251,TEXT_VOICEMAN_02200_A00230_MINFILIA,"消失？
怎麼回事……"
252,TEXT_VOICEMAN_02200_A00240_URIANGER,"薩雷安的報告裡說，
他們觀測到了大規模的魔法波動……
"
253,TEXT_VOICEMAN_02200_A00250_URIANGER,"恐怕……
是與「究極」相當的超強力魔法，
一瞬間便將海島消滅了……"
254,TEXT_VOICEMAN_02200_A00260_MINFILIA,到底發生了什麼事……
255,TEXT_VOICEMAN_02200_B00010_LOLORITO,"如果沒有其他情況，
本次會議就到此為止吧。"
256,TEXT_VOICEMAN_02200_B00020_FOLLOWEROFTELEDJI,大人，一切都按照您的吩咐準備妥當了。
257,TEXT_VOICEMAN_02200_B00030_FOLLOWEROFTELEDJI,"不過大人……
這些指示……我有點不太明白有什麼作用？"
258,TEXT_VOICEMAN_02200_B00040_TELEDJIADELEDJI,當然是戰爭。
259,TEXT_VOICEMAN_02200_C00010_GILGAMESH,今天就先放過你！
260,TEXT_VOICEMAN_02200_C00020_GILGAMESH,給我記住了！
